10000000000000000000000000000000
10000001111000000010000000000000
10110000000100000010000000000010
10110010000100000010000000000010
10000000101001100110000000000000
00100100100000000000000000001010
10000000100011100110000000000001
00100010100000000000000000000010
10100010000001000000000000011000
10100000000101111100000000010001
10100101001011100010000000000001
10110000000101111100000000010010
10100111001101100110000000000001
10110010000101111100000000010011
00110000101111111111111111110110
00000000000000000000000000000000