10000000000000000000000000000000
10000000101000001010000000000001
00110110100000000000000000000011
10000000000000001110000000000000
10000000000000010010000000000000
10000000000000010110000000000000
10000000101000000110000000001001
00100100101111111111111111111110
10000000000000100010000000000000
10000000000000100110000000000000
10000000000000101010000000000000
10000000000000101110000000000000
10000001111000000010000000000000
10000000000000100010000000000011
10000001111010000010000000000000
10000000000000100010000000000010
00000000000000000000000000000000
